VALOR = 28687.0 
 VERTICES:
3 
4 
5 
7 
8 
10 
11 
14 
15 
16 
17 
18 
19 
20 
21 
23 
24 
25 
26 
29 
30 
32 
33 
35 
36 
39 
43 
44 
46 
48 
50 
52 
53 
56 
58 
59 
60 
61 
63 
64 
67 
71 
75 
78 
79 
80 
84 
85 
86 
87 
89 
90 
97 
99 
105 
106 
111 
114 
115 
116 
117 
120 
121 
122 
124 
126 
128 
129 
130 
133 
136 
137 
138 
139 
140 
142 
144 
145 
146 
149 
150 
153 
154 
155 
157 
158 
160 
163 
164 
165 
166 
167 
168 
170 
173 
177 
178 
180 
182 
183 
184 
185 
187 
188 
189 
190 
192 
194 
195 
196 
197 
199 
200 

