40 CORES
1 COR: 1 15 43 46 91 125 196 
2 COR: 57 80 87 112 139 146 150 151 169 
3 COR: 2 19 25 27 37 85 86 184 
4 COR: 4 5 11 16 62 99 122 133 166 
5 COR: 39 88 96 144 145 162 199 
6 COR: 30 60 141 142 147 187 193 
7 COR: 42 48 84 92 108 116 174 182 
8 COR: 18 44 76 78 136 154 179 
9 COR: 7 8 61 68 98 134 172 198 
10 COR: 52 95 105 106 129 160 171 
11 COR: 9 12 54 82 83 173 
12 COR: 6 63 73 81 131 181 
13 COR: 29 34 35 41 65 103 104 117 
14 COR: 118 143 161 164 177 192 
15 COR: 45 49 58 113 126 148 
16 COR: 21 53 69 120 135 
17 COR: 26 59 115 155 157 190 200 
18 COR: 13 33 55 72 119 
19 COR: 14 114 149 175 180 185 186 
20 COR: 23 28 31 64 183 
21 COR: 3 67 94 121 138 
22 COR: 51 123 132 156 167 195 
23 COR: 70 140 168 191 
24 COR: 40 89 97 101 102 
25 COR: 50 93 124 163 
26 COR: 22 79 127 158 176 
27 COR: 20 47 178 
28 COR: 74 111 188 189 
29 COR: 24 90 110 153 
30 COR: 71 77 128 159 
31 COR: 10 109 152 
32 COR: 32 66 170 197 
33 COR: 38 107 
34 COR: 137 165 
35 COR: 36 194 
36 COR: 100 
37 COR: 56 
38 COR: 17 
39 COR: 75 
40 COR: 130 
