54 CORES
1 COR: 22 29 76 163 167 214 222 223 
2 COR: 3 60 99 117 124 176 234 257 
3 COR: 26 77 141 146 218 226 270 
4 COR: 53 63 102 156 179 180 229 258 293 300 
5 COR: 1 5 37 109 137 170 281 288 
6 COR: 28 41 100 104 135 144 194 203 290 
7 COR: 13 38 59 75 89 125 173 208 277 
8 COR: 17 23 33 166 171 255 292 
9 COR: 74 184 205 209 232 272 279 
10 COR: 8 30 98 108 132 159 212 216 252 
11 COR: 10 12 82 133 160 161 191 247 268 
12 COR: 2 11 31 40 64 85 105 188 244 
13 COR: 80 93 126 192 193 199 283 
14 COR: 110 120 139 143 177 227 282 
15 COR: 18 51 84 88 122 134 136 243 264 
16 COR: 96 150 186 239 280 287 299 
17 COR: 25 70 91 206 278 284 
18 COR: 67 107 151 157 181 224 246 
19 COR: 4 15 79 149 262 265 269 
20 COR: 21 32 90 238 254 274 
21 COR: 43 55 72 95 129 219 248 
22 COR: 45 66 118 213 225 231 235 
23 COR: 57 165 201 221 230 233 237 
24 COR: 20 46 78 112 162 168 273 
25 COR: 39 103 145 155 183 202 
26 COR: 36 71 123 204 286 297 
27 COR: 34 128 148 198 256 271 
28 COR: 19 86 152 158 169 236 
29 COR: 9 92 111 211 295 
30 COR: 16 121 130 164 263 
31 COR: 35 69 182 196 217 296 
32 COR: 14 47 73 250 259 
33 COR: 6 48 94 215 276 
34 COR: 27 52 87 101 195 
35 COR: 24 58 81 153 210 
36 COR: 83 106 113 127 207 291 
37 COR: 42 49 116 119 251 
38 COR: 50 185 249 267 
39 COR: 44 138 242 298 
40 COR: 131 142 241 275 
41 COR: 140 178 289 
42 COR: 61 62 245 294 
43 COR: 65 147 197 228 
44 COR: 200 240 260 266 
45 COR: 68 154 189 190 
46 COR: 7 187 253 
47 COR: 56 172 
48 COR: 54 115 
49 COR: 174 175 
50 COR: 114 
51 COR: 97 
52 COR: 220 
53 COR: 261 
54 COR: 285 
