VALOR = 51321.0 
 VERTICES:
1 
4 
5 
6 
8 
9 
10 
11 
12 
13 
14 
15 
16 
17 
18 
19 
20 
21 
23 
25 
26 
27 
28 
30 
31 
33 
35 
36 
37 
39 
41 
42 
43 
45 
46 
49 
51 
52 
54 
55 
59 
60 
62 
66 
67 
68 
69 
71 
74 
75 
76 
78 
79 
81 
82 
84 
85 
87 
88 
89 
90 
91 
94 
96 
97 
98 
100 
101 
102 
103 
104 
109 
110 
112 
113 
114 
115 
116 
117 
118 
120 
121 
122 
123 
124 
125 
126 
127 
128 
129 
130 
140 
145 
146 
147 
148 
149 
150 
151 
152 
154 
155 
157 
158 
159 
162 
163 
164 
166 
167 
168 
171 
173 
181 
182 
184 
185 
186 
189 
190 
191 
192 
193 
198 
202 
203 
204 
207 
208 
209 
210 
211 
212 
214 
215 
216 
217 
218 
219 
220 
221 
222 
223 
225 
226 
229 
232 
233 
236 
240 
241 
242 
243 
244 
245 
247 
251 
254 
255 
257 
258 
260 
263 
264 
265 
268 
269 
270 
271 
272 
274 
277 
278 
279 
280 
283 
284 
286 
288 
289 
290 
291 
293 
294 
297 
298 

